1721307123404 0.9853076338768005 0
1721307146092 0.9376125931739807 2
1721307168477 0.9296596795320511 4
1721307190833 0.9219986498355865 6
1721307213145 0.9211925566196442 8
1721307235648 0.9094732254743576 10
1721307257983 0.9055747538805008 12
1721307280487 0.9129907488822937 14
1721307303046 0.9054884314537048 16
1721307325304 0.9072121381759644 18
1721307347698 0.8988722264766693 20
1721307370195 0.8939093351364136 22
1721307392523 0.8953831642866135 24
1721307415146 0.886825755238533 26
1721307439513 0.8840664178133011 28
