1721308091600 0.994785264134407 0
1721308113927 0.936923086643219 2
1721308136278 0.9224134534597397 4
1721308158759 0.9134011119604111 6
1721308181155 0.9144983291625977 8
1721308203821 0.9065431952476501 10
1721308226050 0.9098168313503265 12
1721308248554 0.9063782542943954 14
1721308271055 0.8961386978626251 16
1721308293514 0.9022921323776245 18
1721308316061 0.8997886925935745 20
1721308338539 0.896057516336441 22
1721308360882 0.8899739384651184 24
1721308383289 0.8877633661031723 26
1721308405615 0.8879633545875549 28
1721308427763 0.8870451003313065 30
1721308450152 0.8848152756690979 32
1721308472669 0.8815750628709793 34
1721308495015 0.8784135282039642 36
1721308517744 0.8747706264257431 38
